9.903417466743300590e-01 -1.386478445344062060e-01
0.000000000000000000e+00 -1.000000000000000000e+00
-7.071067811865474617e-01 -7.071067811865474617e-01
-7.071067811865475727e-01 -7.071067811865475727e-01
-3.162277660168379412e-01 -9.486832980505137680e-01
-6.246950475544242876e-01 -7.808688094430303872e-01
-4.472135954999579277e-01 -8.944271909999158554e-01
-4.961389383568338696e-01 -8.682431421244592995e-01
-4.472135954999579277e-01 -8.944271909999158554e-01
-4.472135954999579277e-01 -8.944271909999158554e-01
-4.472135954999579277e-01 -8.944271909999158554e-01
-5.547001962252291474e-01 -8.320502943378437211e-01
-3.713906763541037215e-01 -9.284766908852594147e-01
-5.547001962252291474e-01 -8.320502943378437211e-01
-3.713906763541037215e-01 -9.284766908852594147e-01
-5.547001962252291474e-01 -8.320502943378437211e-01
-4.472135954999579277e-01 -8.944271909999158554e-01
-5.144957554275264577e-01 -8.574929257125440962e-01
-5.547001962252291474e-01 -8.320502943378437211e-01
-3.162277660168379412e-01 -9.486832980505137680e-01
-3.162277660168379412e-01 -9.486832980505137680e-01
-4.472135954999579277e-01 -8.944271909999158554e-01
0.000000000000000000e+00 1.000000000000000000e+00
-1.000000000000000000e+00 0.000000000000000000e+00
0.000000000000000000e+00 1.000000000000000000e+00
-4.472135954999579277e-01 8.944271909999158554e-01
-4.472135954999579277e-01 8.944271909999158554e-01
-3.713906763541037215e-01 9.284766908852594147e-01
-3.162277660168379412e-01 9.486832980505137680e-01
-2.747211278973780701e-01 9.615239476408231623e-01
-3.417430630867043795e-01 9.397934234884369742e-01
-2.747211278973780701e-01 9.615239476408231623e-01
-4.472135954999579277e-01 8.944271909999158554e-01
-1.414213562373095034e-01 9.899494936611664686e-01
-5.812381937190964631e-01 8.137334712067350040e-01
-4.472135954999579277e-01 8.944271909999158554e-01
-4.472135954999579277e-01 8.944271909999158554e-01
-4.472135954999579277e-01 8.944271909999158554e-01
-7.071067811865474617e-01 7.071067811865474617e-01
0.000000000000000000e+00 1.000000000000000000e+00
0.000000000000000000e+00 -1.000000000000000000e+00
9.847160476062540857e-01 -1.741674642024667041e-01
-6.401843996644799306e-01 -7.682212795973758501e-01
-4.190581774617468946e-01 -9.079593845004516606e-01
-4.856429311786320535e-01 -8.741572761215377074e-01
-5.038710255240862468e-01 -8.637789008984334549e-01
-3.511234415883917048e-01 -9.363291775690445462e-01
-4.138029443011839725e-01 -9.103664774626046841e-01
-4.961389383568338696e-01 -8.682431421244592995e-01
-4.472135954999579277e-01 -8.944271909999158554e-01
-5.999999999999999778e-01 -8.000000000000000444e-01
-5.144957554275264577e-01 -8.574929257125440962e-01
0.000000000000000000e+00 -1.000000000000000000e+00
0.000000000000000000e+00 1.000000000000000000e+00
0.000000000000000000e+00 1.000000000000000000e+00
-4.472135954999579277e-01 8.944271909999158554e-01
-3.713906763541037215e-01 9.284766908852594147e-01
-1.961161351381840445e-01 9.805806756909202226e-01
-3.162277660168379412e-01 9.486832980505137680e-01
-4.138029443011839725e-01 9.103664774626046841e-01
-4.472135954999579277e-01 8.944271909999158554e-01
-4.472135954999579277e-01 8.944271909999158554e-01
-4.961389383568338696e-01 8.682431421244592995e-01
-4.061384660534476665e-01 9.138115486202572635e-01
-3.162277660168379412e-01 9.486832980505137680e-01
-2.425356250363329691e-01 9.701425001453318764e-01
-3.162277660168379412e-01 9.486832980505137680e-01
-5.547001962252291474e-01 8.320502943378437211e-01
-7.071067811865474617e-01 7.071067811865474617e-01
8.599506405112733454e-01 -5.103772094091296729e-01
-4.856429311786320535e-01 -8.741572761215377074e-01
-5.547001962252290364e-01 -8.320502943378436100e-01
-5.038710255240862468e-01 -8.637789008984334549e-01
-3.713906763541037215e-01 -9.284766908852594147e-01
-5.547001962252291474e-01 -8.320502943378437211e-01
0.000000000000000000e+00 1.000000000000000000e+00
0.000000000000000000e+00 1.000000000000000000e+00
-4.472135954999579277e-01 8.944271909999158554e-01
-4.138029443011839725e-01 9.103664774626046841e-01
-2.873478855663453846e-01 9.578262852211513190e-01
-3.328201177351374773e-01 9.429903335828895283e-01
-4.138029443011839725e-01 9.103664774626046841e-01
-4.472135954999579277e-01 8.944271909999158554e-01
-3.511234415883917048e-01 9.363291775690445462e-01
-4.961389383568338696e-01 8.682431421244592995e-01
-7.071067811865474617e-01 7.071067811865474617e-01
0.000000000000000000e+00 1.000000000000000000e+00
9.591454549801927687e-01 -2.829134075840856188e-01
-4.472135954999579277e-01 -8.944271909999158554e-01
-4.705882352941176405e-01 -8.823529411764705621e-01
-5.144957554275264577e-01 -8.574929257125440962e-01
-6.097107608496923348e-01 -7.926239891045999686e-01
-5.812381937190964631e-01 -8.137334712067350040e-01
-4.961389383568338696e-01 -8.682431421244592995e-01
0.000000000000000000e+00 1.000000000000000000e+00
-1.643989873053572914e-01 9.863939238321437486e-01
-2.248595066987584268e-01 9.743911956946198494e-01
-3.417430630867043795e-01 9.397934234884369742e-01
-3.807498052542948597e-01 9.246780984747160481e-01
-4.061384660534476665e-01 9.138115486202572635e-01
-4.788521306805733069e-01 8.778955729143843589e-01
-5.547001962252291474e-01 8.320502943378437211e-01
-4.961389383568338696e-01 8.682431421244592995e-01
-3.162277660168379412e-01 9.486832980505137680e-01
0.000000000000000000e+00 1.000000000000000000e+00
0.000000000000000000e+00 -1.000000000000000000e+00
9.884477545529800624e-01 -1.515619890314569562e-01
-4.472135954999579277e-01 -8.944271909999158554e-01
-5.299989400031800413e-01 -8.479983040050880216e-01
-5.038710255240862468e-01 -8.637789008984334549e-01
-5.070201265633937915e-01 -8.619342151577694677e-01
-5.144957554275264577e-01 -8.574929257125440962e-01
-5.144957554275265688e-01 -8.574929257125442073e-01
-6.401843996644799306e-01 -7.682212795973758501e-01
-4.472135954999579277e-01 -8.944271909999158554e-01
0.000000000000000000e+00 1.000000000000000000e+00
-1.240347345892084674e-01 9.922778767136677391e-01
-3.417430630867043795e-01 9.397934234884369742e-01
-3.162277660168379412e-01 9.486832980505137680e-01
-3.457053588273563682e-01 9.383431168171101344e-01
-5.144957554275264577e-01 8.574929257125440962e-01
-3.417430630867043795e-01 9.397934234884369742e-01
-5.144957554275264577e-01 8.574929257125440962e-01
-4.472135954999579277e-01 8.944271909999158554e-01
1.000000000000000000e+00 0.000000000000000000e+00
-1.000000000000000000e+00 0.000000000000000000e+00
9.895524676952033305e-01 -1.441732072138706688e-01
-5.547001962252291474e-01 -8.320502943378437211e-01
-4.228854653311238665e-01 -9.061831399952654520e-01
-3.939192985791676316e-01 -9.191450300180578070e-01
-4.961389383568338696e-01 -8.682431421244592995e-01
-4.740998230350174647e-01 -8.804710999221753154e-01
-5.913636636275173553e-01 -8.064049958557054643e-01
-5.547001962252291474e-01 -8.320502943378437211e-01
-5.547001962252291474e-01 -8.320502943378437211e-01
-7.071067811865474617e-01 7.071067811865474617e-01
4.472135954999579277e-01 8.944271909999158554e-01
-4.472135954999579277e-01 8.944271909999158554e-01
-3.417430630867043795e-01 9.397934234884369742e-01
-2.873478855663453846e-01 9.578262852211513190e-01
-3.328201177351374773e-01 9.429903335828895283e-01
-4.472135954999579277e-01 8.944271909999158554e-01
-4.190581774617468946e-01 9.079593845004516606e-01
-5.299989400031800413e-01 8.479983040050880216e-01
-3.713906763541037215e-01 9.284766908852594147e-01
-4.472135954999579277e-01 8.944271909999158554e-01
-3.162277660168379412e-01 9.486832980505137680e-01
9.885976594096876902e-01 -1.505811004398862063e-01
0.000000000000000000e+00 -1.000000000000000000e+00
-5.144957554275264577e-01 -8.574929257125440962e-01
-3.511234415883917048e-01 -9.363291775690445462e-01
-4.228854653311238665e-01 -9.061831399952654520e-01
-4.472135954999579277e-01 -8.944271909999158554e-01
-5.070201265633937915e-01 -8.619342151577694677e-01
-5.734623443633283246e-01 -8.192319205190404796e-01
-5.692099788303083274e-01 -8.221921916437786582e-01
-5.144957554275264577e-01 -8.574929257125440962e-01
-5.547001962252291474e-01 -8.320502943378437211e-01
0.000000000000000000e+00 1.000000000000000000e+00
-1.643989873053572914e-01 9.863939238321437486e-01
-1.414213562373095034e-01 9.899494936611664686e-01
-3.363363969981562063e-01 9.417419115948374442e-01
-3.417430630867043795e-01 9.397934234884369742e-01
-4.257970363298795857e-01 9.048187022009941405e-01
-3.713906763541037215e-01 9.284766908852594147e-01
-4.740998230350174647e-01 8.804710999221753154e-01
-5.144957554275264577e-01 8.574929257125440962e-01
-4.472135954999579277e-01 8.944271909999158554e-01
9.839754002576764913e-01 -1.783042671607870111e-01
-5.299989400031800413e-01 -8.479983040050880216e-01
-4.657464328326222924e-01 -8.849182223819823667e-01
-4.961389383568338696e-01 -8.682431421244592995e-01
-5.010362705417046314e-01 -8.654262854811262118e-01
-5.734623443633283246e-01 -8.192319205190404796e-01
-5.547001962252291474e-01 -8.320502943378437211e-01
-4.472135954999579277e-01 -8.944271909999158554e-01
0.000000000000000000e+00 1.000000000000000000e+00
0.000000000000000000e+00 1.000000000000000000e+00
-1.788854381999831766e-01 9.838699100999074298e-01
-1.961161351381840445e-01 9.805806756909202226e-01
-3.328201177351374773e-01 9.429903335828895283e-01
-3.417430630867043795e-01 9.397934234884369742e-01
-3.939192985791676316e-01 9.191450300180578070e-01
-4.472135954999579277e-01 8.944271909999158554e-01
-6.139406135149204635e-01 7.893522173763263261e-01
-5.547001962252291474e-01 8.320502943378437211e-01
-7.071067811865474617e-01 7.071067811865474617e-01
1.000000000000000000e+00 0.000000000000000000e+00
0.000000000000000000e+00 -1.000000000000000000e+00
9.589342558112416981e-01 -2.836284418596630164e-01
-4.472135954999579277e-01 -8.944271909999158554e-01
-4.640069946705576154e-01 -8.858315352801554576e-01
-4.740998230350174647e-01 -8.804710999221753154e-01
-5.144957554275264577e-01 -8.574929257125440962e-01
-6.139406135149204635e-01 -7.893522173763263261e-01
0.000000000000000000e+00 -1.000000000000000000e+00
-4.472135954999579277e-01 8.944271909999158554e-01
-3.162277660168379412e-01 9.486832980505137680e-01
-3.846153846153846367e-01 9.230769230769231282e-01
-4.788521306805733069e-01 8.778955729143843589e-01
-4.061384660534476665e-01 9.138115486202572635e-01
-5.038710255240862468e-01 8.637789008984334549e-01
-4.472135954999579277e-01 8.944271909999158554e-01
-4.472135954999579277e-01 8.944271909999158554e-01
-1.643989873053572914e-01 9.863939238321437486e-01
9.871054777475850583e-01 -1.600711585536624404e-01
-3.713906763541037215e-01 -9.284766908852594147e-01
-4.657464328326222924e-01 -8.849182223819823667e-01
-4.657464328326222924e-01 -8.849182223819823667e-01
-5.038710255240862468e-01 -8.637789008984334549e-01
-6.246950475544242876e-01 -7.808688094430303872e-01
0.000000000000000000e+00 -1.000000000000000000e+00
-7.071067811865474617e-01 7.071067811865474617e-01
0.000000000000000000e+00 1.000000000000000000e+00
-3.713906763541037215e-01 9.284766908852594147e-01
-2.425356250363329969e-01 9.701425001453319874e-01
-3.713906763541037770e-01 9.284766908852594147e-01
-3.589790793088690757e-01 9.333456062030595080e-01
-4.472135954999579277e-01 8.944271909999158554e-01
-6.246950475544242876e-01 7.808688094430303872e-01
-4.472135954999579277e-01 8.944271909999158554e-01
9.849172563070864861e-01 -1.730260044863800584e-01
-4.997224534895771675e-01 -8.661855860486004088e-01
-5.432512781572742533e-01 -8.395701571521512196e-01
-5.263546146162954020e-01 -8.502651466878617947e-01
-5.144957554275264577e-01 -8.574929257125440962e-01
-2.747211278973780701e-01 -9.615239476408231623e-01
0.000000000000000000e+00 1.000000000000000000e+00
0.000000000000000000e+00 1.000000000000000000e+00
-3.162277660168379412e-01 9.486832980505137680e-01
-3.713906763541037770e-01 9.284766908852594147e-01
-4.472135954999579277e-01 8.944271909999158554e-01
-4.472135954999579277e-01 8.944271909999158554e-01
-4.472135954999579277e-01 8.944271909999158554e-01
-3.162277660168379412e-01 9.486832980505137680e-01
-1.000000000000000000e+00 0.000000000000000000e+00
9.854977732372108834e-01 -1.696883583057449130e-01
-5.547001962252291474e-01 -8.320502943378437211e-01
-5.038710255240862468e-01 -8.637789008984334549e-01
-3.846153846153846367e-01 -9.230769230769231282e-01
-5.339929913879817303e-01 -8.454889030309711284e-01
-5.547001962252291474e-01 -8.320502943378437211e-01
-5.999999999999999778e-01 -8.000000000000000444e-01
-6.507913734559684915e-01 -7.592566023652965734e-01
-4.472135954999579277e-01 -8.944271909999158554e-01
1.000000000000000000e+00 0.000000000000000000e+00
-3.162277660168379412e-01 9.486832980505137680e-01
-3.162277660168379412e-01 9.486832980505137680e-01
-2.290393337255473005e-01 9.734171683335760550e-01
-3.846153846153846367e-01 9.230769230769231282e-01
-3.457053588273563682e-01 9.383431168171101344e-01
-4.788521306805733069e-01 8.778955729143843589e-01
-4.472135954999579277e-01 8.944271909999158554e-01
-3.162277660168379412e-01 9.486832980505137680e-01
0.000000000000000000e+00 1.000000000000000000e+00
9.823385664224747460e-01 -1.871121078899951884e-01
-4.472135954999579277e-01 -8.944271909999158554e-01
-4.472135954999579277e-01 -8.944271909999158554e-01
-4.190581774617468946e-01 -9.079593845004516606e-01
-5.449883505954140617e-01 -8.384436163006370180e-01
-5.240974256643347040e-01 -8.516583167045439495e-01
-6.097107608496923348e-01 -7.926239891045999686e-01
-2.425356250363329691e-01 -9.701425001453318764e-01
-3.162277660168379412e-01 9.486832980505137680e-01
-2.873478855663453846e-01 9.578262852211513190e-01
-2.873478855663453846e-01 9.578262852211513190e-01
-3.162277660168379412e-01 9.486832980505137680e-01
-3.589790793088690757e-01 9.333456062030595080e-01
-5.070201265633937915e-01 8.619342151577694677e-01
-4.061384660534476665e-01 9.138115486202572635e-01
-2.747211278973780701e-01 9.615239476408231623e-01
9.823385664224747460e-01 -1.871121078899951884e-01
-4.788521306805733069e-01 -8.778955729143843589e-01
-4.640069946705576154e-01 -8.858315352801554576e-01
-5.407575913134986534e-01 -8.411784753765535472e-01
-5.214500094539749053e-01 -8.532818336519589764e-01
-5.547001962252290364e-01 -8.320502943378436100e-01
-6.401843996644799306e-01 -7.682212795973758501e-01
0.000000000000000000e+00 1.000000000000000000e+00
-2.747211278973780701e-01 9.615239476408231623e-01
-2.982749931359467976e-01 9.544799780350297080e-01
-1.240347345892084674e-01 9.922778767136677391e-01
-4.103646773287978888e-01 9.119215051751063950e-01
-7.474093186836596736e-01 6.643638388299197839e-01
-4.472135954999579277e-01 8.944271909999158554e-01
-3.162277660168379412e-01 9.486832980505137680e-01
-7.071067811865474617e-01 7.071067811865474617e-01
9.894149142837048716e-01 -1.451141874282767252e-01
-4.472135954999579277e-01 -8.944271909999158554e-01
-4.856429311786320535e-01 -8.741572761215377074e-01
-4.190581774617468946e-01 -9.079593845004516606e-01
-5.144957554275264577e-01 -8.574929257125440962e-01
-4.061384660534476665e-01 -9.138115486202572635e-01
-5.240974256643347040e-01 -8.516583167045439495e-01
-5.999999999999999778e-01 -8.000000000000000444e-01
-4.472135954999579277e-01 -8.944271909999158554e-01
0.000000000000000000e+00 1.000000000000000000e+00
-3.162277660168379412e-01 9.486832980505137680e-01
-4.061384660534476665e-01 9.138115486202572635e-01
-3.328201177351374773e-01 9.429903335828895283e-01
-3.162277660168379412e-01 9.486832980505137680e-01
-4.257970363298795857e-01 9.048187022009941405e-01
-3.713906763541037215e-01 9.284766908852594147e-01
-4.061384660534476665e-01 9.138115486202572635e-01
-3.162277660168379412e-01 9.486832980505137680e-01
0.000000000000000000e+00 1.000000000000000000e+00
9.902135739341066945e-01 -1.395603023665519526e-01
0.000000000000000000e+00 -1.000000000000000000e+00
-2.425356250363329691e-01 -9.701425001453318764e-01
-4.472135954999579277e-01 -8.944271909999158554e-01
-4.472135954999579277e-01 -8.944271909999158554e-01
-4.740998230350174647e-01 -8.804710999221753154e-01
-5.214500094539749053e-01 -8.532818336519589764e-01
-6.401843996644799306e-01 -7.682212795973758501e-01
-4.788521306805733069e-01 -8.778955729143843589e-01
0.000000000000000000e+00 -1.000000000000000000e+00
-9.486832980505137680e-01 3.162277660168379412e-01
-4.472135954999579277e-01 8.944271909999158554e-01
-2.940858488375230895e-01 9.557790087219499853e-01
-3.162277660168379412e-01 9.486832980505137680e-01
-3.559953275919878202e-01 9.344877349289680835e-01
-3.846153846153846367e-01 9.230769230769231282e-01
-4.740998230350174647e-01 8.804710999221753154e-01
-3.713906763541037215e-01 9.284766908852594147e-01
-3.162277660168379412e-01 9.486832980505137680e-01
9.885976594096876902e-01 -1.505811004398862063e-01
-4.472135954999579277e-01 -8.944271909999158554e-01
-4.920572566679019544e-01 -8.705628387201342910e-01
-4.740998230350174647e-01 -8.804710999221753154e-01
-4.856429311786320535e-01 -8.741572761215377074e-01
-5.999999999999999778e-01 -8.000000000000000444e-01
-4.788521306805733069e-01 -8.778955729143843589e-01
-7.071067811865474617e-01 -7.071067811865474617e-01
0.000000000000000000e+00 1.000000000000000000e+00
-2.425356250363329691e-01 9.701425001453318764e-01
-2.631174057921087939e-01 9.647638212377321887e-01
-3.473143558235939343e-01 9.377487607237036116e-01
-4.472135954999579277e-01 8.944271909999158554e-01
-4.657464328326222924e-01 8.849182223819823667e-01
-4.856429311786320535e-01 8.741572761215377074e-01
-3.162277660168379412e-01 9.486832980505137680e-01
9.882948916112365145e-01 -1.525555872956942394e-01
-4.740998230350174647e-01 -8.804710999221753154e-01
-4.740998230350174647e-01 -8.804710999221753154e-01
-4.472135954999579277e-01 -8.944271909999158554e-01
-4.961389383568338696e-01 -8.682431421244592995e-01
-5.144957554275265688e-01 -8.574929257125442073e-01
-6.507913734559684915e-01 -7.592566023652965734e-01
-4.472135954999579277e-01 -8.944271909999158554e-01
0.000000000000000000e+00 1.000000000000000000e+00
-3.939192985791676316e-01 9.191450300180578070e-01
-3.162277660168379412e-01 9.486832980505137680e-01
-3.589790793088690757e-01 9.333456062030595080e-01
-4.008188340197078037e-01 9.161573349021892021e-01
-4.061384660534476665e-01 9.138115486202572635e-01
-4.472135954999579277e-01 8.944271909999158554e-01
-5.547001962252291474e-01 8.320502943378437211e-01
0.000000000000000000e+00 1.000000000000000000e+00
9.810907070710197520e-01 -1.935485068371399497e-01
-3.976074376343003980e-01 -9.175556253099240722e-01
-5.070201265633937915e-01 -8.619342151577694677e-01
-5.368754921931592206e-01 -8.436614877321074735e-01
-4.961389383568338696e-01 -8.682431421244592995e-01
-4.472135954999579277e-01 8.944271909999158554e-01
-3.939192985791676316e-01 9.191450300180578070e-01
-3.162277660168379412e-01 9.486832980505137680e-01
-3.011313679370973273e-01 9.535826651341415827e-01
-3.939192985791676316e-01 9.191450300180578070e-01
-6.549305384178418787e-01 7.556890827898176122e-01
-5.144957554275264577e-01 8.574929257125440962e-01
-3.713906763541037215e-01 9.284766908852594147e-01
-4.472135954999579277e-01 8.944271909999158554e-01
7.071067811865474617e-01 -7.071067811865474617e-01
-7.071067811865474617e-01 7.071067811865474617e-01
9.823385664224747460e-01 -1.871121078899951884e-01
-3.713906763541037215e-01 -9.284766908852594147e-01
-4.472135954999579277e-01 -8.944271909999158554e-01
-4.740998230350174647e-01 -8.804710999221753154e-01
-5.339929913879817303e-01 -8.454889030309711284e-01
-4.856429311786320535e-01 -8.741572761215377074e-01
-5.881716976750461789e-01 -8.087360843031884405e-01
-3.162277660168379412e-01 -9.486832980505137680e-01
-7.071067811865474617e-01 7.071067811865474617e-01
6.651901052377393042e-02 9.977851578566089286e-01
-4.472135954999579277e-01 8.944271909999158554e-01
-4.061384660534476665e-01 9.138115486202572635e-01
-4.472135954999579277e-01 8.944271909999158554e-01
-6.074501075707970932e-01 7.943578329771961988e-01
-4.061384660534476665e-01 9.138115486202572635e-01
-4.472135954999579277e-01 8.944271909999158554e-01
9.884477545529800624e-01 -1.515619890314569562e-01
-1.000000000000000000e+00 0.000000000000000000e+00
-3.713906763541037215e-01 -9.284766908852594147e-01
-3.417430630867043795e-01 -9.397934234884369742e-01
-4.472135954999579277e-01 -8.944271909999158554e-01
-5.240974256643347040e-01 -8.516583167045439495e-01
-5.999999999999999778e-01 -8.000000000000000444e-01
-2.940858488375230895e-01 -9.557790087219499853e-01
-7.071067811865474617e-01 7.071067811865474617e-01
-1.000000000000000000e+00 0.000000000000000000e+00
-3.162277660168379412e-01 9.486832980505137680e-01
-3.713906763541037215e-01 9.284766908852594147e-01
-4.008188340197078037e-01 9.161573349021892021e-01
-4.472135954999579277e-01 8.944271909999158554e-01
-4.280863447390446663e-01 9.037378388935387585e-01
-9.284766908852594147e-01 3.713906763541037215e-01
-4.856429311786320535e-01 8.741572761215377074e-01
0.000000000000000000e+00 1.000000000000000000e+00
9.847160476062540857e-01 -1.741674642024667041e-01
0.000000000000000000e+00 -1.000000000000000000e+00
-5.299989400031800413e-01 -8.479983040050880216e-01
-3.846153846153846367e-01 -9.230769230769231282e-01
-5.692099788303083274e-01 -8.221921916437786582e-01
-5.881716976750461789e-01 -8.087360843031884405e-01
-4.472135954999579277e-01 -8.944271909999158554e-01
-3.162277660168379412e-01 -9.486832980505137680e-01
-7.071067811865474617e-01 7.071067811865474617e-01
-3.939192985791676316e-01 9.191450300180578070e-01
-5.299989400031800413e-01 8.479983040050880216e-01
-4.472135954999579277e-01 8.944271909999158554e-01
-3.713906763541037215e-01 9.284766908852594147e-01
-3.363363969981562063e-01 9.417419115948374442e-01
-1.961161351381840445e-01 9.805806756909202226e-01
-7.071067811865474617e-01 7.071067811865474617e-01
-4.472135954999579277e-01 8.944271909999158554e-01
-5.547001962252291474e-01 8.320502943378437211e-01
9.895524676952033305e-01 -1.441732072138706688e-01
-1.000000000000000000e+00 0.000000000000000000e+00
7.071067811865474617e-01 -7.071067811865474617e-01
-7.071067811865474617e-01 -7.071067811865474617e-01
-5.368754921931592206e-01 -8.436614877321074735e-01
-3.511234415883917048e-01 -9.363291775690445462e-01
-4.740998230350174647e-01 -8.804710999221753154e-01
-4.788521306805733069e-01 -8.778955729143843589e-01
-5.407575913134986534e-01 -8.411784753765535472e-01
-4.961389383568338696e-01 -8.682431421244592995e-01
-4.472135954999579277e-01 -8.944271909999158554e-01
-5.299989400031800413e-01 -8.479983040050880216e-01
4.472135954999579277e-01 8.944271909999158554e-01
-3.162277660168379412e-01 9.486832980505137680e-01
-4.788521306805733069e-01 8.778955729143843589e-01
-4.856429311786320535e-01 8.741572761215377074e-01
-5.692099788303083274e-01 8.221921916437786582e-01
-4.472135954999579277e-01 8.944271909999158554e-01
-4.705882352941176405e-01 8.823529411764705621e-01
-5.812381937190964631e-01 8.137334712067350040e-01
-5.144957554275264577e-01 8.574929257125440962e-01
9.872746991625204194e-01 -1.590241126167818153e-01
0.000000000000000000e+00 -1.000000000000000000e+00
-4.856429311786320535e-01 -8.741572761215377074e-01
-2.873478855663453846e-01 -9.578262852211513190e-01
-4.678877204190327599e-01 -8.837879163470618860e-01
-5.144957554275264577e-01 -8.574929257125440962e-01
-6.332377902572626782e-01 -7.739572992033210141e-01
-4.472135954999579277e-01 -8.944271909999158554e-01
-4.856429311786320535e-01 -8.741572761215377074e-01
-1.000000000000000000e+00 0.000000000000000000e+00
0.000000000000000000e+00 1.000000000000000000e+00
-4.138029443011839725e-01 9.103664774626046841e-01
-4.138029443011839725e-01 9.103664774626046841e-01
-4.008188340197078037e-01 9.161573349021892021e-01
-3.939192985791676316e-01 9.191450300180578070e-01
-6.459422414661737388e-01 7.633862853691144590e-01
-5.299989400031800413e-01 8.479983040050880216e-01
9.895524676952033305e-01 -1.441732072138706688e-01
-1.000000000000000000e+00 0.000000000000000000e+00
-4.472135954999579277e-01 -8.944271909999158554e-01
-5.299989400031800413e-01 -8.479983040050880216e-01
-4.678877204190327599e-01 -8.837879163470618860e-01
-4.678877204190327599e-01 -8.837879163470618860e-01
-5.144957554275264577e-01 -8.574929257125440962e-01
-3.589790793088690757e-01 -9.333456062030595080e-01
-7.071067811865475727e-01 -7.071067811865475727e-01
-5.547001962252291474e-01 -8.320502943378437211e-01
-7.071067811865474617e-01 7.071067811865474617e-01
-7.071067811865474617e-01 -7.071067811865474617e-01
-4.993761694389223238e-02 9.987523388778445366e-01
-4.788521306805733069e-01 8.778955729143843589e-01
-4.257970363298795857e-01 9.048187022009941405e-01
-7.071067811865475727e-01 7.071067811865475727e-01
-4.472135954999579277e-01 8.944271909999158554e-01
-3.939192985791676316e-01 9.191450300180578070e-01
9.876033601458543698e-01 -1.569700704867583174e-01
0.000000000000000000e+00 -1.000000000000000000e+00
-3.511234415883917048e-01 -9.363291775690445462e-01
-4.138029443011839725e-01 -9.103664774626046841e-01
-4.472135954999579277e-01 -8.944271909999158554e-01
-5.812381937190964631e-01 -8.137334712067350040e-01
-7.682212795973758501e-01 -6.401843996644799306e-01
-3.846153846153846367e-01 -9.230769230769231282e-01
-3.713906763541037215e-01 -9.284766908852594147e-01
-7.071067811865474617e-01 7.071067811865474617e-01
-9.950371902099891530e-02 9.950371902099891530e-01
-2.425356250363329691e-01 9.701425001453318764e-01
-3.457053588273563682e-01 9.383431168171101344e-01
-3.713906763541037770e-01 9.284766908852594147e-01
-6.549305384178418787e-01 7.556890827898176122e-01
-5.547001962252290364e-01 8.320502943378436100e-01
9.884477545529800624e-01 -1.515619890314569562e-01
0.000000000000000000e+00 -1.000000000000000000e+00
-5.812381937190964631e-01 -8.137334712067350040e-01
-5.070201265633937915e-01 -8.619342151577694677e-01
-3.939192985791676316e-01 -9.191450300180578070e-01
-4.472135954999579277e-01 -8.944271909999158554e-01
-3.939192985791676316e-01 -9.191450300180578070e-01
-5.999999999999999778e-01 -8.000000000000000444e-01
1.414213562373095034e-01 9.899494936611664686e-01
-3.417430630867043795e-01 9.397934234884369742e-01
-3.757051087392181965e-01 9.267392682234049106e-01
-7.525766947068778245e-01 6.585046078685180548e-01
-4.961389383568338696e-01 8.682431421244592995e-01
-3.162277660168379412e-01 9.486832980505137680e-01
9.912279006826345551e-01 -1.321637200910179555e-01
0.000000000000000000e+00 -1.000000000000000000e+00
-1.961161351381840445e-01 -9.805806756909202226e-01
-4.061384660534476665e-01 -9.138115486202572635e-01
-4.788521306805733069e-01 -8.778955729143843589e-01
-7.432941462471663874e-01 -6.689647316224497375e-01
-4.138029443011839725e-01 -9.103664774626046841e-01
-4.061384660534476665e-01 -9.138115486202572635e-01
-2.940858488375230895e-01 -9.557790087219499853e-01
1.414213562373095034e-01 9.899494936611664686e-01
-4.138029443011839725e-01 9.103664774626046841e-01
-1.961161351381840445e-01 9.805806756909202226e-01
-2.911616157826960594e-01 9.566738804288584808e-01
-6.246950475544242876e-01 7.808688094430303872e-01
-5.070201265633937915e-01 8.619342151577694677e-01
-5.812381937190964631e-01 8.137334712067350040e-01
9.882948916112365145e-01 -1.525555872956942394e-01
0.000000000000000000e+00 -1.000000000000000000e+00
-4.472135954999579277e-01 -8.944271909999158554e-01
-4.190581774617468946e-01 -9.079593845004516606e-01
-3.417430630867043795e-01 -9.397934234884369742e-01
-4.856429311786320535e-01 -8.741572761215377074e-01
-6.332377902572626782e-01 -7.739572992033210141e-01
-3.589790793088690757e-01 -9.333456062030595080e-01
-1.961161351381840445e-01 9.805806756909202226e-01
-4.472135954999579277e-01 -8.944271909999158554e-01
0.000000000000000000e+00 1.000000000000000000e+00
-3.713906763541037215e-01 9.284766908852594147e-01
-5.299989400031800413e-01 8.479983040050880216e-01
-4.190581774617468946e-01 9.079593845004516606e-01
-4.061384660534476665e-01 9.138115486202572635e-01
-4.472135954999579277e-01 8.944271909999158554e-01
9.876033601458543698e-01 -1.569700704867583174e-01
-1.000000000000000000e+00 0.000000000000000000e+00
-3.939192985791676316e-01 -9.191450300180578070e-01
-5.144957554275264577e-01 -8.574929257125440962e-01
-5.339929913879817303e-01 -8.454889030309711284e-01
-4.472135954999579277e-01 -8.944271909999158554e-01
-4.472135954999579277e-01 -8.944271909999158554e-01
-4.961389383568338696e-01 -8.682431421244592995e-01
-5.734623443633283246e-01 -8.192319205190404796e-01
-7.071067811865474617e-01 -7.071067811865474617e-01
-4.472135954999579277e-01 8.944271909999158554e-01
-2.747211278973780701e-01 9.615239476408231623e-01
-4.472135954999579277e-01 8.944271909999158554e-01
-2.747211278973780701e-01 9.615239476408231623e-01
-2.631174057921087939e-01 9.647638212377321887e-01
-4.472135954999579277e-01 8.944271909999158554e-01
-5.368754921931592206e-01 8.436614877321074735e-01
0.000000000000000000e+00 1.000000000000000000e+00
9.884477545529800624e-01 -1.515619890314569562e-01
-4.856429311786320535e-01 -8.741572761215377074e-01
-4.678877204190327599e-01 -8.837879163470618860e-01
-4.472135954999579277e-01 -8.944271909999158554e-01
-5.144957554275264577e-01 -8.574929257125440962e-01
-4.138029443011839725e-01 -9.103664774626046841e-01
-5.547001962252290364e-01 -8.320502943378436100e-01
-9.284766908852594147e-01 -3.713906763541037215e-01
-2.425356250363329691e-01 9.701425001453318764e-01
-4.343722427630693911e-02 9.990561583550595648e-01
-4.190581774617468946e-01 9.079593845004516606e-01
-6.616216370868462926e-01 7.498378553650925094e-01
-4.788521306805733069e-01 8.778955729143843589e-01
-5.734623443633283246e-01 8.192319205190404796e-01
7.071067811865474617e-01 7.071067811865474617e-01
9.884477545529800624e-01 -1.515619890314569562e-01
4.472135954999579277e-01 -8.944271909999158554e-01
-4.678877204190327599e-01 -8.837879163470618860e-01
-5.368754921931592206e-01 -8.436614877321074735e-01
-5.070201265633937915e-01 -8.619342151577694677e-01
-4.472135954999579277e-01 -8.944271909999158554e-01
-4.902612396325589650e-01 -8.715755371245492711e-01
-5.144957554275264577e-01 -8.574929257125440962e-01
-7.071067811865474617e-01 -7.071067811865474617e-01
-7.071067811865474617e-01 7.071067811865474617e-01
-5.547001962252291057e-02 9.984603532054124875e-01
-3.786328457205040965e-01 9.255469562056767296e-01
-5.547001962252291474e-01 8.320502943378437211e-01
-4.257970363298795857e-01 9.048187022009941405e-01
-4.061384660534476665e-01 9.138115486202572635e-01
-5.299989400031800413e-01 8.479983040050880216e-01
0.000000000000000000e+00 1.000000000000000000e+00
9.895524676952033305e-01 -1.441732072138706688e-01
-1.000000000000000000e+00 0.000000000000000000e+00
0.000000000000000000e+00 -1.000000000000000000e+00
-5.299989400031800413e-01 -8.479983040050880216e-01
-5.881716976750461789e-01 -8.087360843031884405e-01
-4.856429311786320535e-01 -8.741572761215377074e-01
-4.472135954999579277e-01 -8.944271909999158554e-01
-4.472135954999579277e-01 -8.944271909999158554e-01
-4.061384660534476665e-01 -9.138115486202572635e-01
-4.961389383568338696e-01 -8.682431421244592995e-01
0.000000000000000000e+00 1.000000000000000000e+00
-2.800000000000000266e-01 9.599999999999999645e-01
-3.643993485805122057e-01 9.312427797057534207e-01
-7.399400733959436982e-01 6.726727939963124125e-01
-5.299989400031800413e-01 8.479983040050880216e-01
-5.547001962252291474e-01 8.320502943378437211e-01
0.000000000000000000e+00 1.000000000000000000e+00
1.000000000000000000e+00 0.000000000000000000e+00
9.851145471363148554e-01 -1.718991827217730695e-01
-4.061384660534476665e-01 -9.138115486202572635e-01
-4.472135954999579277e-01 -8.944271909999158554e-01
-4.961389383568338696e-01 -8.682431421244592995e-01
-5.339929913879817303e-01 -8.454889030309711284e-01
-5.547001962252290364e-01 -8.320502943378436100e-01
-3.713906763541037215e-01 -9.284766908852594147e-01
-7.071067811865474617e-01 -7.071067811865474617e-01
-8.944271909999158554e-01 4.472135954999579277e-01
-2.425356250363329691e-01 9.701425001453318764e-01
-1.293391840677680649e-01 9.916004111862217751e-01
-5.038710255240862468e-01 8.637789008984334549e-01
-7.071067811865475727e-01 7.071067811865475727e-01
-4.138029443011839725e-01 9.103664774626046841e-01
-5.144957554275264577e-01 8.574929257125440962e-01
0.000000000000000000e+00 1.000000000000000000e+00
9.902135739341066945e-01 -1.395603023665519526e-01
0.000000000000000000e+00 -1.000000000000000000e+00
7.071067811865474617e-01 -7.071067811865474617e-01
-5.547001962252290364e-01 -8.320502943378436100e-01
-4.961389383568338696e-01 -8.682431421244592995e-01
-4.788521306805733069e-01 -8.778955729143843589e-01
-4.961389383568338696e-01 -8.682431421244592995e-01
-4.740998230350174647e-01 -8.804710999221753154e-01
-5.144957554275264577e-01 -8.574929257125440962e-01
-4.472135954999579277e-01 -8.944271909999158554e-01
-4.472135954999579277e-01 8.944271909999158554e-01
5.872202195147034620e-02 9.982743731749957883e-01
-1.961161351381840445e-01 9.805806756909202226e-01
-4.314554973040048425e-01 9.021342216356464938e-01
-4.008188340197078037e-01 9.161573349021892021e-01
-8.240419241993676147e-01 5.665288228870651865e-01
-6.246950475544242876e-01 7.808688094430303872e-01
0.000000000000000000e+00 1.000000000000000000e+00
9.895524676952033305e-01 -1.441732072138706688e-01
-1.000000000000000000e+00 0.000000000000000000e+00
-4.472135954999579277e-01 -8.944271909999158554e-01
-5.038710255240862468e-01 -8.637789008984334549e-01
-5.368754921931592206e-01 -8.436614877321074735e-01
-4.705882352941176405e-01 -8.823529411764705621e-01
-4.472135954999579277e-01 -8.944271909999158554e-01
-3.939192985791676316e-01 -9.191450300180578070e-01
-4.472135954999579277e-01 -8.944271909999158554e-01
0.000000000000000000e+00 1.000000000000000000e+00
-3.162277660168379412e-01 9.486832980505137680e-01
-4.061384660534476665e-01 9.138115486202572635e-01
-3.624462611549483793e-01 9.320046715412958482e-01
-3.589790793088690757e-01 9.333456062030595080e-01
-4.103646773287978888e-01 9.119215051751063950e-01
-4.138029443011839725e-01 9.103664774626046841e-01
-5.299989400031800413e-01 8.479983040050880216e-01
-7.071067811865474617e-01 7.071067811865474617e-01
9.902135739341066945e-01 -1.395603023665519526e-01
-4.472135954999579277e-01 -8.944271909999158554e-01
-4.740998230350174647e-01 -8.804710999221753154e-01
-4.190581774617468946e-01 -9.079593845004516606e-01
-4.640069946705576154e-01 -8.858315352801554576e-01
-4.472135954999579277e-01 -8.944271909999158554e-01
-4.705882352941176405e-01 -8.823529411764705621e-01
-5.999999999999999778e-01 -8.000000000000000444e-01
-4.472135954999579277e-01 -8.944271909999158554e-01
-4.472135954999579277e-01 8.944271909999158554e-01
-3.162277660168379412e-01 9.486832980505137680e-01
-1.168412475673971940e-01 9.931506043228761627e-01
-3.939192985791676316e-01 9.191450300180578070e-01
-5.999999999999999778e-01 8.000000000000000444e-01
-4.678877204190327599e-01 8.837879163470618860e-01
-6.246950475544242876e-01 7.808688094430303872e-01
9.885976594096876902e-01 -1.505811004398862063e-01
-7.071067811865474617e-01 -7.071067811865474617e-01
-4.472135954999579277e-01 -8.944271909999158554e-01
-5.646839155919901598e-01 -8.253072612498317806e-01
-5.214500094539749053e-01 -8.532818336519589764e-01
-4.472135954999579277e-01 -8.944271909999158554e-01
-3.939192985791676316e-01 -9.191450300180578070e-01
-4.472135954999579277e-01 -8.944271909999158554e-01
-4.472135954999579277e-01 -8.944271909999158554e-01
-7.071067811865475727e-01 7.071067811865475727e-01
0.000000000000000000e+00 1.000000000000000000e+00
-3.162277660168379412e-01 9.486832980505137680e-01
-4.257970363298795857e-01 9.048187022009941405e-01
-7.327934916262992537e-01 6.804510993672778785e-01
-6.246950475544242876e-01 7.808688094430303872e-01
0.000000000000000000e+00 1.000000000000000000e+00
9.902135739341066945e-01 -1.395603023665519526e-01
0.000000000000000000e+00 -1.000000000000000000e+00
-4.472135954999579277e-01 -8.944271909999158554e-01
-4.472135954999579277e-01 -8.944271909999158554e-01
-4.705882352941176405e-01 -8.823529411764705621e-01
-4.613527366419894471e-01 -8.872168012345951205e-01
-4.190581774617468946e-01 -9.079593845004516606e-01
-4.190581774617468946e-01 -9.079593845004516606e-01
-1.000000000000000000e+00 0.000000000000000000e+00
-8.574929257125440962e-01 5.144957554275264577e-01
-6.237828615518053316e-02 9.980525784828885305e-01
-4.299335803923477473e-01 9.028605188239302581e-01
-4.228854653311238665e-01 9.061831399952654520e-01
-6.585046078685180548e-01 7.525766947068778245e-01
-4.856429311786320535e-01 8.741572761215377074e-01
9.884477545529800624e-01 -1.515619890314569562e-01
0.000000000000000000e+00 -1.000000000000000000e+00
-6.246950475544242876e-01 -7.808688094430303872e-01
-5.144957554275265688e-01 -8.574929257125442073e-01
-5.144957554275265688e-01 -8.574929257125442073e-01
-4.625660066950198490e-01 -8.865848461654547430e-01
-4.472135954999579277e-01 -8.944271909999158554e-01
-5.299989400031800413e-01 -8.479983040050880216e-01
-6.401843996644799306e-01 -7.682212795973758501e-01
1.520571842539411023e-01 9.883716976506171648e-01
-3.713906763541037215e-01 9.284766908852594147e-01
-4.103646773287978888e-01 9.119215051751063950e-01
-3.162277660168379412e-01 9.486832980505137680e-01
-6.246950475544242876e-01 7.808688094430303872e-01
-5.812381937190964631e-01 8.137334712067350040e-01
-3.713906763541037215e-01 9.284766908852594147e-01
0.000000000000000000e+00 1.000000000000000000e+00
0.000000000000000000e+00 -1.000000000000000000e+00
9.882948916112365145e-01 -1.525555872956942394e-01
-2.425356250363329691e-01 -9.701425001453318764e-01
-5.812381937190964631e-01 -8.137334712067350040e-01
-4.657464328326222924e-01 -8.849182223819823667e-01
-4.961389383568338696e-01 -8.682431421244592995e-01
-4.961389383568338696e-01 -8.682431421244592995e-01
-4.138029443011839725e-01 -9.103664774626046841e-01
-6.139406135149204635e-01 -7.893522173763263261e-01
0.000000000000000000e+00 1.000000000000000000e+00
-5.547001962252291057e-02 9.984603532054124875e-01
-3.589790793088690757e-01 9.333456062030595080e-01
-3.285206249412727098e-01 9.444967967061590475e-01
-7.432941462471663874e-01 6.689647316224497375e-01
-4.902612396325589650e-01 8.715755371245492711e-01
-5.144957554275264577e-01 8.574929257125440962e-01
0.000000000000000000e+00 1.000000000000000000e+00
-1.000000000000000000e+00 0.000000000000000000e+00
9.885976594096876902e-01 -1.505811004398862063e-01
-3.939192985791676316e-01 -9.191450300180578070e-01
-4.788521306805733069e-01 -8.778955729143843589e-01
-4.788521306805733069e-01 -8.778955729143843589e-01
-5.913636636275173553e-01 -8.064049958557054643e-01
-4.856429311786320535e-01 -8.741572761215377074e-01
-4.961389383568338696e-01 -8.682431421244592995e-01
-7.071067811865474617e-01 -7.071067811865474617e-01
-2.425356250363329691e-01 9.701425001453318764e-01
0.000000000000000000e+00 1.000000000000000000e+00
-3.162277660168379412e-01 9.486832980505137680e-01
-3.786328457205040965e-01 9.255469562056767296e-01
-7.739572992033210141e-01 6.332377902572626782e-01
-4.705882352941176405e-01 8.823529411764705621e-01
-4.472135954999579277e-01 8.944271909999158554e-01
0.000000000000000000e+00 -1.000000000000000000e+00
9.841833239736952343e-01 -1.771529983152651533e-01
-3.807498052542948597e-01 -9.246780984747160481e-01
-4.678877204190327599e-01 -8.837879163470618860e-01
-6.877446479107831578e-01 -7.259526839058265679e-01
-3.162277660168379412e-01 -9.486832980505137680e-01
-5.999999999999999778e-01 -8.000000000000000444e-01
0.000000000000000000e+00 -1.000000000000000000e+00
-9.863939238321437486e-01 -1.643989873053572914e-01
-7.124704998790964972e-02 9.974586998307350960e-01
-4.103646773287978888e-01 9.119215051751063950e-01
-3.511234415883917048e-01 9.363291775690445462e-01
-5.931990380498500803e-01 8.050558373533679424e-01
-4.472135954999579277e-01 8.944271909999158554e-01
0.000000000000000000e+00 1.000000000000000000e+00
-7.071067811865474617e-01 7.071067811865474617e-01
-1.000000000000000000e+00 0.000000000000000000e+00
9.884477545529800624e-01 -1.515619890314569562e-01
-2.425356250363329691e-01 -9.701425001453318764e-01
-6.139406135149204635e-01 -7.893522173763263261e-01
-4.762831485407525989e-01 -8.792919665367739945e-01
-4.472135954999579277e-01 -8.944271909999158554e-01
-4.788521306805733069e-01 -8.778955729143843589e-01
-5.547001962252290364e-01 -8.320502943378436100e-01
-5.547001962252291474e-01 -8.320502943378437211e-01
-1.961161351381840445e-01 9.805806756909202226e-01
-9.053574604251853064e-02 9.958932064677038509e-01
-4.008188340197078037e-01 9.161573349021892021e-01
-3.713906763541037215e-01 9.284766908852593037e-01
-7.432941462471663874e-01 6.689647316224497375e-01
-5.144957554275264577e-01 8.574929257125440962e-01
-3.162277660168379412e-01 9.486832980505137680e-01
9.894149142837048716e-01 -1.451141874282767252e-01
-3.713906763541037215e-01 -9.284766908852594147e-01
-5.547001962252291474e-01 -8.320502943378437211e-01
-4.920572566679019544e-01 -8.705628387201342910e-01
-4.472135954999579277e-01 -8.944271909999158554e-01
-4.257970363298795857e-01 -9.048187022009941405e-01
-4.472135954999579277e-01 -8.944271909999158554e-01
-9.701425001453318764e-01 2.425356250363329691e-01
0.000000000000000000e+00 1.000000000000000000e+00
-2.747211278973780701e-01 9.615239476408231623e-01
-4.640069946705576154e-01 8.858315352801554576e-01
-4.008188340197078037e-01 9.161573349021892021e-01
-6.757246285173462708e-01 7.371541402007414368e-01
-4.472135954999579277e-01 8.944271909999158554e-01
7.071067811865474617e-01 7.071067811865474617e-01
-7.071067811865474617e-01 7.071067811865474617e-01
9.823385664224747460e-01 -1.871121078899951884e-01
-4.061384660534476665e-01 -9.138115486202572635e-01
-3.162277660168379412e-01 -9.486832980505137680e-01
-4.472135954999579277e-01 -8.944271909999158554e-01
-8.192319205190404796e-01 -5.734623443633283246e-01
-5.646839155919901598e-01 -8.253072612498317806e-01
-3.939192985791676316e-01 -9.191450300180578070e-01
-4.472135954999579277e-01 -8.944271909999158554e-01
0.000000000000000000e+00 1.000000000000000000e+00
-1.961161351381840445e-01 9.805806756909202226e-01
-1.240347345892084674e-01 9.922778767136677391e-01
-1.046847845180427505e-01 9.945054529214061301e-01
-5.881716976750461789e-01 8.087360843031884405e-01
-3.880570000581327617e-01 9.216353751380652604e-01
-4.138029443011839725e-01 9.103664774626046841e-01
-4.472135954999579277e-01 8.944271909999158554e-01
-4.472135954999579277e-01 8.944271909999158554e-01
-1.000000000000000000e+00 0.000000000000000000e+00
9.872746991625204194e-01 -1.590241126167818153e-01
-7.071067811865474617e-01 -7.071067811865474617e-01
-4.472135954999579277e-01 -8.944271909999158554e-01
-5.144957554275265688e-01 -8.574929257125442073e-01
-4.961389383568338696e-01 -8.682431421244592995e-01
-5.144957554275264577e-01 -8.574929257125440962e-01
-5.547001962252291474e-01 -8.320502943378437211e-01
-6.401843996644799306e-01 -7.682212795973758501e-01
0.000000000000000000e+00 -1.000000000000000000e+00
0.000000000000000000e+00 1.000000000000000000e+00
-1.961161351381840445e-01 9.805806756909202226e-01
-2.095290887308734473e-01 9.778024140774094208e-01
-3.162277660168379412e-01 9.486832980505137680e-01
-3.457053588273563682e-01 9.383431168171101344e-01
-5.368754921931592206e-01 8.436614877321074735e-01
-4.190581774617468946e-01 9.079593845004516606e-01
-4.472135954999579277e-01 8.944271909999158554e-01
-4.472135954999579277e-01 8.944271909999158554e-01
9.912279006826345551e-01 -1.321637200910179555e-01
-4.472135954999579277e-01 -8.944271909999158554e-01
-4.472135954999579277e-01 -8.944271909999158554e-01
-4.961389383568338696e-01 -8.682431421244592995e-01
-4.472135954999579277e-01 -8.944271909999158554e-01
-4.640069946705576154e-01 -8.858315352801554576e-01
-4.856429311786320535e-01 -8.741572761215377074e-01
-5.881716976750461789e-01 -8.087360843031884405e-01
-2.940858488375230895e-01 9.557790087219499853e-01
0.000000000000000000e+00 1.000000000000000000e+00
-3.559953275919878202e-01 9.344877349289680835e-01
-3.939192985791676316e-01 9.191450300180578070e-01
-5.913636636275173553e-01 8.064049958557054643e-01
-4.961389383568338696e-01 8.682431421244592995e-01
-5.547001962252291474e-01 8.320502943378437211e-01
7.071067811865474617e-01 -7.071067811865474617e-01
0.000000000000000000e+00 1.000000000000000000e+00
9.894149142837048716e-01 -1.451141874282767252e-01
-2.631174057921087939e-01 -9.647638212377321887e-01
-3.417430630867043795e-01 -9.397934234884369742e-01
-3.939192985791676316e-01 -9.191450300180578070e-01
-6.689647316224497375e-01 -7.432941462471663874e-01
-5.547001962252290364e-01 -8.320502943378436100e-01
-6.507913734559684915e-01 -7.592566023652965734e-01
-4.472135954999579277e-01 -8.944271909999158554e-01
-4.472135954999579277e-01 8.944271909999158554e-01
-3.939192985791676316e-01 9.191450300180578070e-01
-4.115867224264982971e-01 9.113705996586747293e-01
-3.939192985791676316e-01 9.191450300180578070e-01
-4.472135954999579277e-01 8.944271909999158554e-01
-9.191450300180578070e-01 3.939192985791676316e-01
-4.472135954999579277e-01 8.944271909999158554e-01
9.913422031874387086e-01 -1.313036030711839386e-01
-3.162277660168379412e-01 -9.486832980505137680e-01
-5.038710255240862468e-01 -8.637789008984334549e-01
-5.407575913134986534e-01 -8.411784753765535472e-01
-4.920572566679019544e-01 -8.705628387201342910e-01
-5.240974256643347040e-01 -8.516583167045439495e-01
-3.713906763541037770e-01 -9.284766908852594147e-01
-7.682212795973758501e-01 -6.401843996644799306e-01
-4.472135954999579277e-01 8.944271909999158554e-01
1.788854381999831766e-01 9.838699100999074298e-01
-2.780580765410572974e-01 9.605642644145615527e-01
-6.139406135149204635e-01 7.893522173763263261e-01
-5.547001962252290364e-01 8.320502943378436100e-01
-6.401843996644799306e-01 7.682212795973758501e-01
1.000000000000000000e+00 0.000000000000000000e+00
